gen	nevals	avg                            	std                            	min                	max                
0  	300   	[4.73300000e-01 6.27033333e+02]	[ 0.10675725 64.35862197]      	[1.85e-01 4.45e+02]	[7.30e-01 8.35e+02]
1  	145   	[5.36983333e-01 6.36083333e+02]	[ 0.09634997 60.66500685]      	[2.25e-01 4.50e+02]	[7.40e-01 7.95e+02]
2  	173   	[5.8010e-01 6.3705e+02]        	[ 0.08747184 57.9874771 ]      	[2.35e-01 4.35e+02]	[  0.815 785.   ]  
3  	191   	[6.08583333e-01 6.41816667e+02]	[ 0.08199234 60.95312179]      	[2.7e-01 4.5e+02]  	[8.10e-01 8.25e+02]
4  	177   	[6.33683333e-01 6.51383333e+02]	[ 0.08434068 64.20801914]      	[2.90e-01 4.75e+02]	[7.85e-01 8.10e+02]
5  	191   	[6.57733333e-01 6.65416667e+02]	[ 0.08114203 62.71158629]      	[3.35e-01 4.70e+02]	[  0.825 810.   ]  
6  	167   	[  0.6768 672.7   ]            	[ 0.07459508 59.80420832]      	[3.9e-01 4.7e+02]  	[  0.84 830.  ]    
7  	175   	[  0.68628333 677.65      ]    	[ 0.08046699 60.83360502]      	[4.1e-01 5.1e+02]  	[8.55e-01 8.70e+02]
8  	175   	[  0.69535 673.25   ]          	[ 0.07399974 64.65952495]      	[3.15e-01 4.85e+02]	[8.55e-01 8.65e+02]
9  	152   	[  0.7095     678.31666667]    	[ 0.07412546 61.4728915 ]      	[3.15e-01 4.85e+02]	[8.40e-01 8.65e+02]
10 	171   	[  0.71841667 681.45      ]    	[ 0.06878645 59.51594324]      	[4.80e-01 4.95e+02]	[8.40e-01 8.55e+02]
11 	166   	[  0.72798333 677.08333333]    	[ 0.06026898 56.37738662]      	[4.65e-01 5.25e+02]	[  0.84 830.  ]    
12 	169   	[  0.73081667 681.6       ]    	[ 0.06534077 56.77828223]      	[  0.51 510.  ]    	[  0.85 835.  ]    
13 	188   	[  0.73161667 681.91666667]    	[ 0.07233581 65.95384539]      	[4.4e-01 5.1e+02]  	[  0.865 835.   ]  
14 	168   	[  0.7504     691.61666667]    	[5.53384134e-02 6.05885280e+01]	[  0.565 525.   ]  	[  0.85 840.  ]    
15 	167   	[  0.75336667 692.45      ]    	[5.75412799e-02 6.05811921e+01]	[5.35e-01 5.40e+02]	[8.45e-01 8.50e+02]
16 	175   	[  0.7516     692.63333333]    	[ 0.06747177 63.48411   ]      	[5.05e-01 5.15e+02]	[8.65e-01 8.85e+02]
17 	174   	[  0.76146667 692.93333333]    	[6.30992516e-02 6.40928667e+01]	[4.55e-01 4.80e+02]	[8.65e-01 8.85e+02]
18 	162   	[  0.77078333 701.5       ]    	[5.79221005e-02 5.93934620e+01]	[4.65e-01 4.95e+02]	[  0.87 850.  ]    
19 	175   	[  0.77336667 697.73333333]    	[5.49893828e-02 6.21103498e+01]	[  0.565 500.   ]  	[  0.88 880.  ]    
20 	180   	[  0.77891667 698.26666667]    	[5.47531709e-02 6.12235975e+01]	[  0.59 540.  ]    	[  0.88 865.  ]    
21 	181   	[  0.78035 704.9    ]          	[6.11402282e-02 6.26044993e+01]	[  0.545 505.   ]  	[  0.875 865.   ]  
22 	183   	[  0.78355 703.95   ]          	[6.03819578e-02 6.43828199e+01]	[  0.545 525.   ]  	[  0.885 870.   ]  
23 	173   	[  0.79015    707.53333333]    	[5.64422492e-02 6.68437149e+01]	[  0.54 485.  ]    	[  0.885 870.   ]  
24 	182   	[  0.78395    701.78333333]    	[6.38655945e-02 6.94015110e+01]	[  0.545 500.   ]  	[  0.89 875.  ]    
25 	163   	[  0.79678333 705.9       ]    	[5.46662881e-02 6.49552923e+01]	[  0.6 500. ]      	[  0.885 875.   ]  
26 	178   	[  0.80101667 718.95      ]    	[5.57902296e-02 6.30408399e+01]	[  0.59 525.  ]    	[8.85e-01 8.90e+02]
27 	176   	[  0.80495 722.55   ]          	[5.84657806e-02 6.47514286e+01]	[  0.565 530.   ]  	[  0.89 880.  ]    
28 	163   	[  0.80901667 729.26666667]    	[6.28791146e-02 6.85416824e+01]	[4.6e-01 5.4e+02]  	[  0.895 880.   ]  
29 	177   	[  0.82026667 745.5       ]    	[5.32941106e-02 6.72439588e+01]	[  0.655 535.   ]  	[  0.905 900.   ]  
30 	190   	[  0.82303333 745.88333333]    	[5.49557297e-02 7.10830715e+01]	[  0.56 535.  ]    	[  0.905 890.   ]  
31 	184   	[  0.82068333 747.05      ]    	[5.95198823e-02 6.82840696e+01]	[  0.535 475.   ]  	[  0.915 895.   ]  
32 	197   	[  0.82075    746.71666667]    	[5.34230365e-02 6.79740371e+01]	[  0.615 535.   ]  	[  0.905 880.   ]  
33 	168   	[  0.82123333 743.48333333]    	[5.46639329e-02 7.01221533e+01]	[  0.595 515.   ]  	[  0.91 900.  ]    
34 	191   	[  0.81936667 749.85      ]    	[5.53452698e-02 7.36210624e+01]	[  0.54 540.  ]    	[9.05e-01 9.20e+02]
35 	191   	[  0.82413333 751.31666667]    	[5.10073415e-02 7.28950139e+01]	[  0.61 505.  ]    	[  0.93 930.  ]    
36 	168   	[  0.8304     753.03333333]    	[4.92917167e-02 7.02101528e+01]	[  0.65 490.  ]    	[9.05e-01 9.15e+02]
37 	177   	[  0.8318     755.61666667]    	[5.20505524e-02 7.45745917e+01]	[  0.59 525.  ]    	[9.05e-01 9.35e+02]
38 	172   	[  0.83718333 761.51666667]    	[4.61156126e-02 7.03013731e+01]	[  0.66 565.  ]    	[9.05e-01 9.35e+02]
39 	183   	[  0.83071667 755.6       ]    	[5.45319758e-02 7.35683809e+01]	[  0.585 535.   ]  	[9.05e-01 9.80e+02]
40 	168   	[  0.82891667 750.71666667]    	[5.30792777e-02 6.74776733e+01]	[  0.615 535.   ]  	[9.05e-01 9.80e+02]
41 	187   	[  0.83018333 748.4       ]    	[5.41776374e-02 6.89790306e+01]	[5.35e-01 5.65e+02]	[9.05e-01 9.70e+02]
42 	168   	[  0.83255 752.4    ]          	[5.96007341e-02 6.76232702e+01]	[5.40e-01 5.85e+02]	[9.05e-01 9.15e+02]
43 	169   	[  0.83826667 758.26666667]    	[4.87664046e-02 6.60996386e+01]	[  0.64 545.  ]    	[  0.905 900.   ]  
44 	173   	[  0.84071667 754.65      ]    	[5.13540299e-02 7.31126585e+01]	[  0.575 550.   ]  	[9.15e-01 9.30e+02]
45 	179   	[  0.83838333 757.        ]    	[5.82820989e-02 7.66061355e+01]	[4.6e-01 5.1e+02]  	[9.15e-01 9.50e+02]
46 	169   	[  0.8419     766.33333333]    	[5.10332245e-02 7.29638419e+01]	[  0.63 530.  ]    	[9.20e-01 9.65e+02]
47 	159   	[  0.8449 772.7   ]            	[4.84164917e-02 7.59180040e+01]	[  0.635 540.   ]  	[9.15e-01 9.65e+02]
48 	185   	[  0.84323333 776.48333333]    	[4.83395513e-02 7.77327669e+01]	[  0.65 575.  ]    	[9.15e-01 9.35e+02]
49 	157   	[  0.85205    787.78333333]    	[4.74926047e-02 7.55777947e+01]	[  0.66 565.  ]    	[9.30e-01 9.35e+02]
50 	175   	[  0.8509     782.71666667]    	[4.59259186e-02 7.35314200e+01]	[  0.655 525.   ]  	[  0.93 920.  ]    
51 	168   	[  0.85203333 787.43333333]    	[4.98835199e-02 7.23791790e+01]	[  0.63 425.  ]    	[9.2e-01 9.9e+02]  
52 	185   	[  0.85221667 783.03333333]    	[4.74271693e-02 6.87759567e+01]	[  0.635 570.   ]  	[9.25e-01 9.60e+02]
53 	177   	[  0.85528333 776.71666667]    	[4.68366280e-02 7.14199066e+01]	[  0.6 585. ]      	[9.2e-01 9.4e+02]  
54 	175   	[  0.85016667 769.06666667]    	[5.03336093e-02 6.99723437e+01]	[  0.59 585.  ]    	[9.2e-01 9.4e+02]  
55 	190   	[  0.85101667 777.33333333]    	[4.64314878e-02 6.81998697e+01]	[  0.655 560.   ]  	[9.3e-01 9.4e+02]  
56 	177   	[  0.85096667 778.25      ]    	[5.08255076e-02 7.09379130e+01]	[  0.66 515.  ]    	[9.35e-01 9.40e+02]
57 	174   	[  0.85293333 771.41666667]    	[4.97081035e-02 7.33592284e+01]	[  0.645 490.   ]  	[9.35e-01 9.60e+02]
58 	179   	[  0.85301667 772.76666667]    	[5.00814309e-02 6.93890882e+01]	[  0.615 570.   ]  	[  0.935 920.   ]  
59 	178   	[  0.85436667 771.13333333]    	[4.55184822e-02 6.70090707e+01]	[  0.695 535.   ]  	[  0.935 920.   ]  
60 	174   	[  0.85153333 767.58333333]    	[5.28013468e-02 6.72203570e+01]	[  0.61 595.  ]    	[  0.94 905.  ]    
61 	160   	[  0.85593333 767.71666667]    	[4.85880186e-02 6.18131840e+01]	[  0.67 585.  ]    	[  0.935 905.   ]  
62 	155   	[  0.85681667 769.06666667]    	[5.12179954e-02 6.86121628e+01]	[  0.64 555.  ]    	[  0.935 915.   ]  
63 	176   	[  0.85796667 766.95      ]    	[5.11878783e-02 6.45286564e+01]	[  0.605 585.   ]  	[9.4e-01 9.5e+02]  
64 	177   	[  0.86451667 772.68333333]    	[4.37113607e-02 6.05781841e+01]	[  0.725 600.   ]  	[9.4e-01 9.5e+02]  
65 	182   	[  0.86216667 765.53333333]    	[4.72455171e-02 6.35666230e+01]	[  0.67 585.  ]    	[  0.94 905.  ]    
66 	174   	[  0.86273333 770.        ]    	[4.66639999e-02 6.40559651e+01]	[  0.62 595.  ]    	[  0.94 935.  ]    
67 	170   	[  0.86563333 778.55      ]    	[4.72785951e-02 6.59480667e+01]	[  0.645 595.   ]  	[  0.94 935.  ]    
68 	171   	[  0.86468333 779.35      ]    	[5.10112705e-02 6.61185362e+01]	[  0.69 560.  ]    	[  0.94 935.  ]    
69 	164   	[  0.86801667 782.46666667]    	[4.74884167e-02 6.68424682e+01]	[  0.695 550.   ]  	[  0.94 935.  ]    
70 	179   	[  0.86753333 781.08333333]    	[5.38199054e-02 6.52041133e+01]	[  0.625 565.   ]  	[  0.94 935.  ]    
71 	163   	[  0.86595    776.51666667]    	[4.98816683e-02 6.65027547e+01]	[  0.68 590.  ]    	[  0.94 920.  ]    
72 	176   	[  0.8645 770.7   ]            	[5.18177897e-02 6.91713573e+01]	[  0.68 575.  ]    	[  0.94 905.  ]    
73 	157   	[  0.87255    777.03333333]    	[5.01123488e-02 6.00655105e+01]	[  0.615 590.   ]  	[  0.94 885.  ]    
74 	177   	[  0.8733     771.71666667]    	[4.41109586e-02 6.72827595e+01]	[  0.695 580.   ]  	[  0.94 905.  ]    
75 	191   	[  0.87023333 769.11666667]    	[4.73315845e-02 6.95039787e+01]	[  0.645 580.   ]  	[  0.94 925.  ]    
76 	168   	[  0.87323333 772.1       ]    	[4.40762093e-02 6.78485323e+01]	[  0.675 550.   ]  	[  0.94 925.  ]    
77 	185   	[  0.86741667 765.33333333]    	[4.92501410e-02 7.06002046e+01]	[  0.6 540. ]      	[  0.94 920.  ]    
78 	177   	[  0.86466667 758.95      ]    	[4.89699454e-02 7.17819441e+01]	[  0.625 500.   ]  	[  0.94 920.  ]    
79 	172   	[  0.86941667 766.78333333]    	[4.48970272e-02 6.75714663e+01]	[  0.655 560.   ]  	[  0.94 920.  ]    
80 	172   	[  0.87528333 772.35      ]    	[4.45758124e-02 6.99146682e+01]	[  0.655 485.   ]  	[  0.94 920.  ]    
81 	165   	[  0.87376667 775.28333333]    	[5.14342190e-02 7.27415726e+01]	[  0.63 535.  ]    	[  0.94 910.  ]    
82 	194   	[  0.86955    771.51666667]    	[5.13294668e-02 7.16713545e+01]	[  0.625 570.   ]  	[  0.94 915.  ]    
83 	172   	[  0.8733     774.01666667]    	[4.96884628e-02 7.15922462e+01]	[  0.665 565.   ]  	[  0.95 915.  ]    
84 	169   	[  0.87651667 778.25      ]    	[4.59323748e-02 6.92376644e+01]	[  0.69 550.  ]    	[  0.95 945.  ]    
85 	184   	[  0.8798     779.78333333]    	[4.72453878e-02 7.08369234e+01]	[  0.625 525.   ]  	[  0.955 945.   ]  
86 	162   	[  0.88261667 781.48333333]    	[4.33540047e-02 6.94469802e+01]	[  0.735 585.   ]  	[  0.95 945.  ]    
87 	170   	[  0.88021667 778.21666667]    	[4.77601967e-02 7.02986704e+01]	[  0.715 595.   ]  	[  0.95 945.  ]    
88 	183   	[  0.87723333 779.18333333]    	[5.28489567e-02 7.38054857e+01]	[  0.685 560.   ]  	[  0.95 945.  ]    
89 	174   	[  0.87778333 779.1       ]    	[4.92747710e-02 7.18425825e+01]	[  0.69 560.  ]    	[  0.95 945.  ]    
90 	189   	[  0.87406667 776.71666667]    	[5.57296650e-02 7.39288152e+01]	[  0.64 585.  ]    	[  0.945 945.   ]  
91 	187   	[  0.87678333 780.23333333]    	[5.19333200e-02 7.13672116e+01]	[  0.695 565.   ]  	[9.50e-01 9.95e+02]
92 	178   	[  0.87276667 776.1       ]    	[5.51619938e-02 7.46299091e+01]	[  0.675 565.   ]  	[  0.95 930.  ]    
93 	162   	[  0.8756     780.71666667]    	[4.89384648e-02 6.73540624e+01]	[  0.665 575.   ]  	[  0.95 950.  ]    
94 	186   	[  0.8753     774.51666667]    	[4.70876134e-02 6.79596674e+01]	[  0.705 555.   ]  	[  0.95 940.  ]    
95 	196   	[  0.87128333 770.6       ]    	[5.38464148e-02 6.89538976e+01]	[  0.705 565.   ]  	[  0.95 940.  ]    
96 	157   	[  0.88081667 781.23333333]    	[5.17340931e-02 6.80010703e+01]	[  0.66 505.  ]    	[  0.95 920.  ]    
97 	190   	[  0.88038333 780.96666667]    	[5.54566172e-02 6.93510314e+01]	[  0.69 570.  ]    	[  0.95 920.  ]    
98 	173   	[  0.885 783.3  ]              	[5.08117440e-02 6.70493102e+01]	[  0.695 625.   ]  	[  0.95 920.  ]    
99 	178   	[  0.88348333 779.18333333]    	[5.85728867e-02 7.19264651e+01]	[  0.615 570.   ]  	[  0.96 920.  ]    
100	187   	[  0.88561667 779.46666667]    	[5.11520908e-02 7.03305213e+01]	[  0.7 570. ]      	[  0.96 935.  ]    
101	170   	[  0.88678333 777.16666667]    	[5.57216570e-02 7.27711405e+01]	[  0.66 580.  ]    	[  0.96 935.  ]    
102	160   	[  0.88926667 783.93333333]    	[5.21612457e-02 6.29512686e+01]	[  0.725 630.   ]  	[  0.96 935.  ]    
103	170   	[  0.89413333 788.36666667]    	[5.16454150e-02 6.56607358e+01]	[  0.68 535.  ]    	[  0.96 915.  ]    
104	197   	[  0.89303333 787.25      ]    	[5.13822170e-02 7.01357315e+01]	[  0.71 590.  ]    	[  0.96 930.  ]    
105	162   	[  0.89375    790.13333333]    	[5.21825721e-02 7.02126453e+01]	[  0.725 605.   ]  	[  0.965 960.   ]  
106	177   	[  0.88931667 780.95      ]    	[5.73450061e-02 7.51388548e+01]	[  0.69 580.  ]    	[  0.965 960.   ]  
107	169   	[  0.88966667 780.9       ]    	[5.29328715e-02 7.21851093e+01]	[  0.705 595.   ]  	[  0.965 950.   ]  
108	176   	[  0.88663333 779.13333333]    	[5.78590145e-02 7.31169079e+01]	[  0.61 595.  ]    	[  0.965 950.   ]  
109	170   	[  0.89036667 784.85      ]    	[5.45499669e-02 7.38933522e+01]	[  0.72 575.  ]    	[9.65e-01 9.95e+02]
110	182   	[  0.89325    785.13333333]    	[5.35274462e-02 7.23600872e+01]	[  0.695 515.   ]  	[  0.965 935.   ]  
111	160   	[  0.89858333 793.86666667]    	[5.69070270e-02 7.57785077e+01]	[  0.635 580.   ]  	[  0.965 940.   ]  
112	162   	[  0.90071667 796.65      ]    	[5.5583898e-02 7.4688425e+01]  	[  0.695 550.   ]  	[  0.965 935.   ]  
113	174   	[  0.90106667 801.9       ]    	[5.55580377e-02 7.31315481e+01]	[  0.72 570.  ]    	[  0.965 940.   ]  
114	168   	[  0.90435    802.96666667]    	[5.86585671e-02 7.76436232e+01]	[  0.61 470.  ]    	[  0.97 945.  ]    
115	183   	[  0.90018333 801.75      ]    	[5.67851188e-02 7.04723646e+01]	[  0.65 620.  ]    	[  0.97 930.  ]    
116	167   	[  0.89786667 800.3       ]    	[5.61778327e-02 7.09453546e+01]	[  0.66 610.  ]    	[  0.97 930.  ]    
117	179   	[  0.90296667 802.56666667]    	[5.45239906e-02 7.02275745e+01]	[  0.635 610.   ]  	[  0.97 945.  ]    
118	185   	[  0.90343333 805.03333333]    	[5.78738187e-02 7.18841584e+01]	[  0.715 615.   ]  	[  0.97 945.  ]    
119	163   	[  0.9062     804.93333333]    	[5.43650623e-02 6.90023832e+01]	[  0.64 545.  ]    	[  0.97 950.  ]    
120	169   	[  0.90566667 798.75      ]    	[6.01100842e-02 7.17648068e+01]	[  0.64 600.  ]    	[  0.97 925.  ]    
121	159   	[  0.91303333 807.01666667]    	[5.40104825e-02 6.92821506e+01]	[  0.69 625.  ]    	[  0.97 925.  ]    
122	158   	[  0.91313333 810.83333333]    	[6.08071999e-02 7.21408730e+01]	[  0.55 500.  ]    	[  0.97 925.  ]    
123	162   	[  0.91746667 813.86666667]    	[5.16809013e-02 6.92354598e+01]	[  0.67 620.  ]    	[  0.97 925.  ]    
124	157   	[  0.91398333 812.16666667]    	[5.69346092e-02 7.10713648e+01]	[  0.68 530.  ]    	[  0.97 940.  ]    
125	182   	[  0.91301667 812.78333333]    	[5.62107616e-02 6.99619162e+01]	[  0.605 575.   ]  	[  0.97 940.  ]    
126	170   	[  0.91608333 815.1       ]    	[5.04107435e-02 6.85187809e+01]	[  0.73 590.  ]    	[  0.97 945.  ]    
127	169   	[  0.91255    807.56666667]    	[5.40439405e-02 7.40072894e+01]	[  0.725 605.   ]  	[  0.97 945.  ]    
128	186   	[  0.91248333 810.96666667]    	[5.48566288e-02 7.84074756e+01]	[  0.74 525.  ]    	[  0.97 950.  ]    
129	166   	[  0.91128333 811.95      ]    	[5.52940900e-02 7.07456536e+01]	[  0.71 590.  ]    	[  0.97 945.  ]    
130	172   	[  0.91396667 815.43333333]    	[5.26333122e-02 6.69102301e+01]	[  0.635 620.   ]  	[  0.97 930.  ]    
131	163   	[  0.91178333 809.3       ]    	[5.43666845e-02 7.32746659e+01]	[  0.69 610.  ]    	[  0.97 945.  ]    
132	167   	[  0.9052     803.61666667]    	[6.40777653e-02 7.71405841e+01]	[  0.575 565.   ]  	[  0.97 950.  ]    
133	160   	[  0.90831667 808.21666667]    	[6.01103129e-02 7.64094435e+01]	[  0.69 600.  ]    	[  0.97 950.  ]    
134	182   	[  0.91173333 810.88333333]    	[5.28472221e-02 7.36996363e+01]	[  0.77 550.  ]    	[  0.97 950.  ]    
135	184   	[  0.90688333 805.26666667]    	[5.72352140e-02 7.61506985e+01]	[  0.7 565. ]      	[  0.97 945.  ]    
136	186   	[  0.8996 794.    ]            	[6.03241798e-02 7.98613382e+01]	[  0.655 555.   ]  	[  0.97 945.  ]    
137	176   	[  0.89985 788.65   ]          	[5.49141223e-02 7.81223026e+01]	[  0.645 575.   ]  	[  0.97 945.  ]    
138	165   	[  0.89865    791.41666667]    	[5.43607778e-02 7.48681712e+01]	[  0.68 610.  ]    	[  0.97 945.  ]    
139	172   	[  0.89713333 786.1       ]    	[5.32066621e-02 7.95337874e+01]	[  0.73 550.  ]    	[  0.97 955.  ]    
140	168   	[  0.89605 785.85   ]          	[6.21180127e-02 7.93044398e+01]	[  0.64 530.  ]    	[  0.97 955.  ]    
141	190   	[  0.90461667 791.9       ]    	[5.42211803e-02 7.32249274e+01]	[  0.695 580.   ]  	[  0.97 955.  ]    
142	173   	[  0.90308333 788.66666667]    	[5.09778683e-02 7.47945334e+01]	[  0.72 495.  ]    	[  0.97 955.  ]    
143	181   	[  0.90563333 793.33333333]    	[5.31877074e-02 6.63454763e+01]	[  0.65 595.  ]    	[  0.97 955.  ]    
144	181   	[  0.90213333 785.33333333]    	[5.41674769e-02 7.13084069e+01]	[  0.67 530.  ]    	[  0.97 945.  ]    
145	167   	[  0.90298333 785.65      ]    	[5.59703766e-02 7.58737603e+01]	[  0.715 535.   ]  	[  0.975 945.   ]  
146	166   	[  0.90425    794.03333333]    	[5.57242093e-02 6.71582625e+01]	[  0.71 610.  ]    	[  0.975 945.   ]  
147	163   	[  0.90486667 790.06666667]    	[5.53472272e-02 6.93361057e+01]	[  0.715 580.   ]  	[  0.975 910.   ]  
148	166   	[  0.90796667 791.4       ]    	[5.16642903e-02 6.62422826e+01]	[  0.73 585.  ]    	[  0.975 900.   ]  
149	175   	[  0.90653333 789.93333333]    	[5.64946802e-02 7.09130610e+01]	[  0.71 545.  ]    	[  0.975 915.   ]  
150	174   	[  0.90456667 786.83333333]    	[5.61958974e-02 7.42022387e+01]	[  0.695 470.   ]  	[  0.975 920.   ]  
151	179   	[  0.90923333 795.7       ]    	[5.62545899e-02 7.04320713e+01]	[  0.71 605.  ]    	[  0.975 915.   ]  
152	164   	[  0.91521667 801.31666667]    	[5.26105476e-02 7.01630225e+01]	[  0.74 590.  ]    	[  0.975 945.   ]  
153	166   	[  0.9097     790.21666667]    	[5.07189314e-02 7.08898422e+01]	[  0.745 580.   ]  	[  0.975 940.   ]  
154	174   	[  0.9097     794.91666667]    	[5.47135876e-02 7.09089302e+01]	[  0.705 610.   ]  	[  0.975 940.   ]  
155	192   	[  0.90635    788.96666667]    	[5.49963105e-02 7.13122165e+01]	[  0.62 550.  ]    	[  0.975 935.   ]  
156	187   	[  0.90153333 783.41666667]    	[5.84677879e-02 7.14264871e+01]	[  0.68 525.  ]    	[  0.975 940.   ]  
157	169   	[  0.90326667 786.61666667]    	[5.39551872e-02 6.83127835e+01]	[  0.67 590.  ]    	[  0.975 935.   ]  
158	159   	[  0.90121667 781.9       ]    	[5.51280605e-02 6.87584419e+01]	[  0.66 580.  ]    	[  0.975 920.   ]  
159	194   	[  0.8978 777.5   ]            	[5.60742960e-02 6.90513094e+01]	[  0.66 580.  ]    	[  0.975 920.   ]  
160	169   	[  0.89875    768.78333333]    	[5.94378176e-02 7.44195520e+01]	[  0.73 535.  ]    	[  0.975 925.   ]  
161	163   	[  0.90626667 776.21666667]    	[5.34327823e-02 6.82759332e+01]	[  0.725 555.   ]  	[  0.975 905.   ]  
162	198   	[  0.9008     772.96666667]    	[5.29231518e-02 6.68308728e+01]	[  0.645 535.   ]  	[  0.975 915.   ]  
163	181   	[  0.8995     771.43333333]    	[5.65589663e-02 7.17851811e+01]	[  0.66 570.  ]    	[  0.975 970.   ]  
164	179   	[  0.89653333 762.86666667]    	[5.65669122e-02 7.18153806e+01]	[  0.685 570.   ]  	[  0.975 925.   ]  
165	174   	[  0.90546667 769.15      ]    	[5.30089510e-02 6.95511383e+01]	[  0.73 560.  ]    	[  0.975 925.   ]  
166	167   	[  0.90085    765.31666667]    	[5.75053113e-02 6.69749933e+01]	[  0.605 560.   ]  	[  0.975 925.   ]  
167	174   	[  0.90755 766.4    ]          	[5.34313968e-02 6.87389264e+01]	[  0.71 540.  ]    	[  0.97 930.  ]    
168	201   	[  0.90476667 756.85      ]    	[5.47321863e-02 6.67669641e+01]	[  0.71 560.  ]    	[  0.97 920.  ]    
169	168   	[  0.90423333 754.18333333]    	[5.25618260e-02 6.47501587e+01]	[  0.735 560.   ]  	[  0.97 920.  ]    
170	174   	[  0.90023333 748.15      ]    	[5.46499060e-02 6.86233257e+01]	[  0.74 545.  ]    	[  0.97 920.  ]    
171	181   	[  0.90265    759.23333333]    	[5.53644967e-02 6.67788306e+01]	[  0.68 530.  ]    	[  0.97 920.  ]    
172	189   	[  0.89823333 757.35      ]    	[5.76993260e-02 7.22199938e+01]	[  0.7 570. ]      	[  0.97 930.  ]    
173	164   	[  0.90485    768.31666667]    	[5.98753775e-02 7.06039403e+01]	[  0.655 495.   ]  	[  0.97 930.  ]    
174	183   	[  0.9036 765.4   ]            	[5.75705943e-02 7.26349778e+01]	[  0.685 515.   ]  	[  0.97 930.  ]    
175	178   	[  0.9039     767.71666667]    	[5.73363468e-02 6.72002211e+01]	[  0.66 590.  ]    	[  0.97 930.  ]    
176	165   	[  0.90696667 768.8       ]    	[5.74975265e-02 6.77413709e+01]	[  0.7 580. ]      	[  0.97 930.  ]    
177	187   	[  0.9149     774.48333333]    	[5.26354443e-02 6.83165406e+01]	[  0.76 515.  ]    	[  0.97 930.  ]    
178	171   	[  0.9144 770.65  ]            	[5.41230696e-02 6.90832409e+01]	[  0.73 575.  ]    	[  0.97 930.  ]    
179	167   	[  0.91476667 773.96666667]    	[5.65282722e-02 6.95959689e+01]	[  0.715 580.   ]  	[  0.97 930.  ]    
180	181   	[  0.90921667 765.15      ]    	[5.84748070e-02 6.57550568e+01]	[  0.695 590.   ]  	[  0.97 930.  ]    
181	182   	[  0.90873333 768.33333333]    	[6.02140257e-02 6.62851584e+01]	[  0.7 590. ]      	[  0.97 930.  ]    
182	165   	[  0.914 774.15 ]              	[5.80502656e-02 6.67160213e+01]	[  0.725 595.   ]  	[  0.97 930.  ]    
183	174   	[  0.90683333 768.23333333]    	[6.58291138e-02 7.41712808e+01]	[  0.645 560.   ]  	[  0.97 950.  ]    
184	171   	[  0.90921667 768.83333333]    	[5.74903156e-02 6.52020364e+01]	[  0.68 595.  ]    	[  0.97 930.  ]    
185	167   	[  0.91436667 769.46666667]    	[5.55466671e-02 6.44169922e+01]	[  0.675 520.   ]  	[  0.97 930.  ]    
186	186   	[  0.90831667 756.43333333]    	[5.80452386e-02 6.77405262e+01]	[  0.615 560.   ]  	[  0.97 935.  ]    
187	181   	[  0.90666667 758.91666667]    	[5.89057628e-02 6.38324086e+01]	[  0.665 560.   ]  	[  0.97 915.  ]    
188	168   	[  0.91091667 759.95      ]    	[5.51716387e-02 6.86579505e+01]	[  0.68 550.  ]    	[  0.97 925.  ]    
189	175   	[  0.91105 759.     ]          	[5.36514756e-02 6.03848767e+01]	[  0.685 530.   ]  	[  0.97 925.  ]    
190	176   	[  0.91076667 756.18333333]    	[5.20087706e-02 6.60644866e+01]	[  0.73 560.  ]    	[  0.97 925.  ]    
191	168   	[  0.90831667 759.01666667]    	[5.77112039e-02 6.54569812e+01]	[  0.7 515. ]      	[  0.97 925.  ]    
192	158   	[  0.9101     755.86666667]    	[5.44960855e-02 6.20691729e+01]	[  0.75 540.  ]    	[  0.97 915.  ]    
193	189   	[  0.9066 756.9   ]            	[5.95813729e-02 6.46211266e+01]	[  0.725 500.   ]  	[  0.97 915.  ]    
194	157   	[  0.9137     764.23333333]    	[5.72696255e-02 6.56029386e+01]	[  0.695 550.   ]  	[  0.97 915.  ]    
195	173   	[  0.91261667 763.63333333]    	[5.56752763e-02 6.59694289e+01]	[  0.755 550.   ]  	[  0.97 915.  ]    
196	172   	[  0.91035    764.76666667]    	[5.88809038e-02 6.72639990e+01]	[  0.695 570.   ]  	[  0.97 950.  ]    
197	168   	[  0.91668333 768.88333333]    	[5.44403318e-02 6.09672294e+01]	[  0.73 565.  ]    	[  0.97 920.  ]    
198	188   	[  0.91666667 766.7       ]    	[5.56257335e-02 5.88014456e+01]	[  0.75 590.  ]    	[  0.97 920.  ]    
199	169   	[  0.91248333 756.21666667]    	[5.88791111e-02 5.89796834e+01]	[  0.615 510.   ]  	[  0.97 910.  ]    
200	191   	[  0.90523333 746.51666667]    	[5.95688304e-02 6.38575215e+01]	[  0.62 555.  ]    	[  0.97 910.  ]    
201	161   	[  0.90581667 750.41666667]    	[6.16529241e-02 6.69607576e+01]	[  0.685 530.   ]  	[  0.97 910.  ]    
202	176   	[  0.90651667 750.3       ]    	[5.80670565e-02 6.02086096e+01]	[  0.73 570.  ]    	[  0.97 910.  ]    
203	179   	[  0.90628333 747.43333333]    	[5.87020987e-02 6.17352861e+01]	[  0.66 550.  ]    	[  0.97 910.  ]    
204	152   	[  0.91323333 753.81666667]    	[5.17739853e-02 5.96351383e+01]	[  0.75 560.  ]    	[  0.97 910.  ]    
205	185   	[  0.90468333 744.4       ]    	[5.76525488e-02 6.29442081e+01]	[  0.68 540.  ]    	[  0.97 915.  ]    
206	178   	[  0.90578333 740.93333333]    	[5.86242531e-02 6.26362160e+01]	[  0.72 575.  ]    	[  0.97 895.  ]    
207	177   	[  0.90576667 738.7       ]    	[5.86607099e-02 6.16520613e+01]	[  0.695 525.   ]  	[  0.97 895.  ]    
208	184   	[  0.90955    740.26666667]    	[6.15511779e-02 6.34410137e+01]	[  0.605 525.   ]  	[  0.97 870.  ]    
209	184   	[  0.90501667 742.48333333]    	[ 0.06095285 58.7870427 ]      	[  0.685 535.   ]  	[  0.97 910.  ]    
210	169   	[  0.91238333 744.28333333]    	[5.51987595e-02 6.00796948e+01]	[  0.715 540.   ]  	[  0.97 880.  ]    
211	148   	[  0.919 747.1  ]              	[5.21791785e-02 5.50068784e+01]	[  0.72 540.  ]    	[  0.97 880.  ]    
212	166   	[  0.91798333 745.26666667]    	[5.26356950e-02 5.50463037e+01]	[  0.74 550.  ]    	[  0.97 880.  ]    
213	174   	[  0.91716667 739.7       ]    	[ 0.05873505 55.90834762]      	[  0.7 530. ]      	[  0.97 860.  ]    
214	168   	[  0.91621667 732.41666667]    	[5.72314283e-02 5.97319824e+01]	[  0.665 495.   ]  	[  0.97 875.  ]    
215	172   	[  0.91326667 730.3       ]    	[ 0.06141522 52.39506974]      	[  0.685 540.   ]  	[  0.97 835.  ]    
216	148   	[  0.91385    731.33333333]    	[ 0.06024058 55.3177689 ]      	[  0.665 530.   ]  	[  0.97 860.  ]    
217	186   	[  0.91493333 733.91666667]    	[ 0.05916921 53.90649054]      	[  0.665 530.   ]  	[  0.97 835.  ]    
218	182   	[  0.9136     730.03333333]    	[ 0.05822262 56.65391033]      	[  0.72 525.  ]    	[  0.97 855.  ]    
219	155   	[  0.91553333 732.01666667]    	[ 0.05720037 56.24514547]      	[  0.695 550.   ]  	[  0.97 880.  ]    
220	181   	[  0.91068333 731.18333333]    	[ 0.05530024 54.30791583]      	[  0.755 510.   ]  	[  0.97 890.  ]    
221	181   	[  0.90958333 731.8       ]    	[ 0.06195356 53.29721694]      	[  0.715 550.   ]  	[  0.97 890.  ]    
222	169   	[  0.91888333 732.88333333]    	[ 0.05983173 52.3873686 ]      	[  0.63 520.  ]    	[  0.97 890.  ]    
223	174   	[  0.91946667 729.85      ]    	[ 0.05505799 50.16865721]      	[  0.74 585.  ]    	[  0.97 890.  ]    
224	191   	[  0.91643333 728.41666667]    	[ 0.06009669 52.49993386]      	[  0.725 540.   ]  	[  0.97 845.  ]    
225	184   	[  0.91418333 725.9       ]    	[ 0.05974459 56.34586646]      	[  0.715 530.   ]  	[  0.97 845.  ]    
226	169   	[  0.91701667 730.28333333]    	[ 0.05857203 54.70072872]      	[  0.71 535.  ]    	[  0.97 850.  ]    
227	178   	[  0.91458333 729.55      ]    	[ 0.05684989 51.85441961]      	[  0.755 560.   ]  	[  0.97 860.  ]    
228	167   	[  0.91361667 724.26666667]    	[ 0.05915378 53.87605116]      	[  0.715 560.   ]  	[  0.97 845.  ]    
229	175   	[  0.91085    726.03333333]    	[ 0.06205396 54.46649327]      	[  0.705 555.   ]  	[  0.97 845.  ]    
230	182   	[  0.91096667 720.3       ]    	[ 0.06117106 54.52134139]      	[  0.67 520.  ]    	[  0.97 855.  ]    
231	169   	[  0.91305    720.53333333]    	[ 0.05762332 51.48348171]      	[  0.715 565.   ]  	[  0.97 845.  ]    
232	169   	[  0.90856667 719.93333333]    	[ 0.06130888 55.09684403]      	[  0.68 545.  ]    	[  0.97 900.  ]    
233	181   	[  0.90985    719.43333333]    	[ 0.05973743 56.56865053]      	[  0.65 530.  ]    	[  0.97 880.  ]    
234	178   	[  0.91083333 722.18333333]    	[ 0.06071221 54.41032122]      	[  0.625 535.   ]  	[  0.97 845.  ]    
235	168   	[  0.91708333 729.68333333]    	[ 0.05622345 48.33545685]      	[  0.71 570.  ]    	[  0.97 875.  ]    
236	188   	[  0.91421667 722.9       ]    	[ 0.05591186 49.44616601]      	[  0.68 545.  ]    	[  0.97 845.  ]    
237	190   	[  0.91581667 720.65      ]    	[ 0.05665759 52.67346739]      	[  0.71 570.  ]    	[  0.97 845.  ]    
238	169   	[  0.9131 720.2   ]            	[ 0.0589086  52.79166601]      	[  0.7 550. ]      	[  0.97 845.  ]    
239	159   	[  0.91488333 717.81666667]    	[ 0.06067319 52.98883268]      	[  0.645 540.   ]  	[  0.97 850.  ]    
240	159   	[  0.91613333 724.45      ]    	[ 0.06304535 50.40450542]      	[  0.675 565.   ]  	[  0.97 855.  ]    
241	191   	[  0.91915 718.05   ]          	[ 0.05607163 47.41428231]      	[  0.7 555. ]      	[  0.97 850.  ]    
242	179   	[  0.9152 716.3   ]            	[ 0.0543166  50.78034397]      	[  0.74 585.  ]    	[  0.97 860.  ]    
243	176   	[  0.91465    713.98333333]    	[ 0.05908858 53.90160532]      	[  0.73 555.  ]    	[  0.97 860.  ]    
244	185   	[  0.91403333 714.5       ]    	[ 0.05796751 53.63534283]      	[  0.695 450.   ]  	[  0.97 915.  ]    
245	173   	[  0.91471667 717.05      ]    	[ 0.05953573 56.02274092]      	[  0.685 550.   ]  	[  0.97 915.  ]    
246	175   	[  0.91041667 716.93333333]    	[ 0.05954334 55.618602  ]      	[  0.705 565.   ]  	[  0.97 925.  ]    
247	171   	[  0.91255 715.85   ]          	[ 0.06044486 52.80335374]      	[  0.695 540.   ]  	[  0.97 925.  ]    
248	181   	[  0.91126667 707.08333333]    	[ 0.06063191 49.15020911]      	[  0.635 545.   ]  	[  0.97 900.  ]    
249	169   	[  0.91383333 709.46666667]    	[ 0.06136752 53.39209263]      	[  0.71 515.  ]    	[  0.97 900.  ]    
250	176   	[  0.91336667 706.68333333]    	[ 0.05548122 53.56848939]      	[  0.725 535.   ]  	[  0.97 900.  ]    
251	163   	[  0.90628333 700.98333333]    	[ 0.06118908 50.32510694]      	[  0.7 550. ]      	[  0.97 885.  ]    
252	168   	[  0.90453333 693.95      ]    	[ 0.06153954 50.47257506]      	[  0.715 510.   ]  	[  0.97 830.  ]    
253	163   	[  0.9051 693.75  ]            	[ 0.06340471 47.06754898]      	[  0.69 520.  ]    	[  0.97 840.  ]    
254	159   	[  0.90803333 690.28333333]    	[ 0.06390852 51.088189  ]      	[  0.745 515.   ]  	[  0.97 820.  ]    
255	156   	[  0.91483333 696.15      ]    	[ 0.06087807 43.02046993]      	[  0.705 525.   ]  	[  0.97 810.  ]    
256	180   	[  0.91198333 692.1       ]    	[ 0.06715393 48.98390892]      	[  0.63 510.  ]    	[  0.97 865.  ]    
257	157   	[  0.91383333 692.5       ]    	[ 0.06254176 49.99083249]      	[  0.68 470.  ]    	[  0.97 815.  ]    
258	168   	[  0.91045    693.13333333]    	[ 0.06369757 52.29578271]      	[  0.625 545.   ]  	[  0.97 880.  ]    
259	160   	[  0.91513333 695.48333333]    	[ 0.06126567 43.14336244]      	[  0.7 545. ]      	[  0.97 880.  ]    
260	173   	[  0.91561667 694.43333333]    	[ 0.05816244 44.26261277]      	[  0.675 515.   ]  	[  0.97 815.  ]    
261	145   	[  0.91221667 694.31666667]    	[ 0.06227763 45.08824373]      	[  0.695 525.   ]  	[  0.97 795.  ]    
262	187   	[  0.91323333 694.2       ]    	[ 0.06267678 45.66574208]      	[  0.64 505.  ]    	[  0.97 815.  ]    
263	183   	[  0.90915    689.28333333]    	[ 0.05937054 48.99050645]      	[  0.685 505.   ]  	[  0.97 815.  ]    
264	174   	[  0.90818333 689.        ]    	[ 0.05917446 44.7921124 ]      	[  0.745 520.   ]  	[  0.97 790.  ]    
265	162   	[  0.90381667 682.51666667]    	[ 0.06601654 48.43121984]      	[  0.58 515.  ]    	[  0.97 810.  ]    
266	174   	[  0.9117     687.58333333]    	[ 0.0623801  44.89517111]      	[  0.73 530.  ]    	[  0.97 805.  ]    
267	181   	[  0.90935    686.38333333]    	[ 0.06579383 49.12232746]      	[  0.675 505.   ]  	[  0.97 805.  ]    
268	177   	[  0.91063333 684.65      ]    	[ 0.06095435 47.51098996]      	[  0.7 520. ]      	[  0.97 805.  ]    
269	155   	[  0.91121667 690.4       ]    	[ 0.06466532 46.23858418]      	[  0.675 475.   ]  	[  0.97 800.  ]    
270	180   	[  0.90943333 687.93333333]    	[ 0.06344167 46.3346043 ]      	[  0.705 530.   ]  	[  0.97 790.  ]    
271	163   	[  0.90961667 686.11666667]    	[ 0.06186628 48.09369039]      	[  0.72 520.  ]    	[  0.97 795.  ]    
272	175   	[  0.90331667 682.83333333]    	[ 0.06644233 51.11887018]      	[  0.615 460.   ]  	[  0.97 805.  ]    
273	171   	[  0.90775    685.31666667]    	[ 0.06372745 50.67855946]      	[  0.68 475.  ]    	[  0.97 800.  ]    
274	180   	[  0.90358333 682.53333333]    	[ 0.06436544 50.36283903]      	[  0.64 505.  ]    	[  0.97 815.  ]    
275	169   	[  0.9089     686.21666667]    	[ 0.05902929 44.5002216 ]      	[  0.715 555.   ]  	[  0.97 830.  ]    
276	181   	[  0.90605    680.88333333]    	[ 0.06161153 46.90561149]      	[  0.725 490.   ]  	[  0.97 820.  ]    
277	182   	[  0.90566667 683.41666667]    	[ 0.06145775 50.84200746]      	[  0.645 515.   ]  	[  0.97 820.  ]    
278	167   	[  0.91005    687.13333333]    	[ 0.05869055 49.14212947]      	[  0.685 495.   ]  	[  0.97 825.  ]    
279	172   	[  0.90666667 683.25      ]    	[ 0.06468299 49.20556371]      	[  0.665 520.   ]  	[  0.97 830.  ]    
280	167   	[  0.90781667 680.01666667]    	[ 0.06007481 45.68460414]      	[  0.725 510.   ]  	[  0.97 810.  ]    
281	158   	[  0.9102     675.61666667]    	[ 0.05994826 47.87173546]      	[  0.72 430.  ]    	[  0.97 810.  ]    
282	168   	[  0.90683333 675.08333333]    	[ 0.06359485 46.72161943]      	[  0.69 500.  ]    	[  0.97 795.  ]    
283	167   	[  0.9062 677.6   ]            	[ 0.06664378 45.61330215]      	[  0.605 505.   ]  	[  0.97 800.  ]    
284	184   	[  0.90311667 676.        ]    	[ 0.06927147 48.87398763]      	[  0.595 485.   ]  	[  0.97 815.  ]    
285	181   	[  0.90433333 677.86666667]    	[ 0.06896174 49.23530802]      	[  0.665 510.   ]  	[  0.97 820.  ]    
286	180   	[  0.9033 675.55  ]            	[ 0.06796403 51.98987882]      	[  0.65 490.  ]    	[  0.97 845.  ]    
287	167   	[  0.90915    676.43333333]    	[ 0.06175377 50.09436651]      	[  0.695 490.   ]  	[  0.97 835.  ]    
288	163   	[  0.91081667 677.96666667]    	[ 0.06349344 42.78082385]      	[  0.665 555.   ]  	[  0.97 800.  ]    
289	174   	[  0.91675 677.     ]          	[ 0.05899594 42.37334068]      	[  0.71 495.  ]    	[  0.97 770.  ]    
290	188   	[  0.91013333 670.5       ]    	[ 0.0616156  46.68065267]      	[  0.66 520.  ]    	[  0.97 775.  ]    
291	156   	[  0.9125     670.01666667]    	[ 0.05992287 39.77959765]      	[  0.67 530.  ]    	[  0.97 780.  ]    
292	179   	[  0.91048333 663.46666667]    	[ 0.06548804 44.47263828]      	[  0.66 510.  ]    	[  0.97 820.  ]    
293	188   	[  0.91156667 665.81666667]    	[ 0.06424209 45.5987908 ]      	[  0.71 485.  ]    	[  0.97 820.  ]    
294	178   	[  0.91141667 666.5       ]    	[ 0.05857255 45.3936486 ]      	[  0.68 515.  ]    	[  0.97 785.  ]    
295	158   	[  0.90766667 664.66666667]    	[ 0.0598976  45.98973315]      	[  0.705 500.   ]  	[  0.97 785.  ]    
296	187   	[  0.9103 665.25  ]            	[ 0.06214024 44.66938735]      	[  0.7 485. ]      	[  0.97 800.  ]    
297	182   	[  0.90446667 667.05      ]    	[ 0.06244503 45.78989153]      	[  0.715 490.   ]  	[  0.97 800.  ]    
298	160   	[  0.90681667 667.83333333]    	[ 0.0609162  43.13512361]      	[  0.705 475.   ]  	[  0.97 815.  ]    
299	176   	[  0.90255 666.5    ]          	[ 0.06499036 48.00954766]      	[  0.59 515.  ]    	[  0.97 810.  ]    
300	164   	[  0.90463333 671.83333333]    	[ 0.05953737 41.53679761]      	[  0.73 555.  ]    	[  0.97 810.  ]    
301	180   	[  0.90545 667.15   ]          	[ 0.06147802 47.18185562]      	[  0.705 495.   ]  	[  0.975 810.   ]  
302	186   	[  0.9063 667.35  ]            	[ 0.0658494  46.73928576]      	[  0.725 470.   ]  	[  0.975 810.   ]  
303	176   	[  0.9081 667.5   ]            	[ 0.05991152 49.59586676]      	[  0.68 500.  ]    	[  0.975 830.   ]  
304	160   	[  0.90863333 669.86666667]    	[ 0.06509838 46.29055579]      	[  0.67 515.  ]    	[  0.975 835.   ]  
305	177   	[  0.90355    667.86666667]    	[ 0.06593543 44.56772624]      	[  0.555 495.   ]  	[  0.975 800.   ]  
306	185   	[  0.9082     674.83333333]    	[ 0.05795337 46.142593  ]      	[  0.73 520.  ]    	[  0.975 800.   ]  
307	167   	[  0.9099     671.76666667]    	[ 0.06151685 45.77894955]      	[  0.675 485.   ]  	[  0.97 800.  ]    
308	178   	[  0.91496667 673.15      ]    	[ 0.05957487 43.88615006]      	[  0.71 535.  ]    	[  0.975 810.   ]  
309	171   	[  0.90846667 665.8       ]    	[ 0.06583046 48.14415852]      	[  0.68 455.  ]    	[  0.97 810.  ]    
310	174   	[  0.91185 667.5    ]          	[ 0.05785609 45.29808679]      	[  0.73 500.  ]    	[  0.97 780.  ]    
311	180   	[  0.9084     665.43333333]    	[ 0.06311582 46.96962375]      	[  0.615 540.   ]  	[  0.97 885.  ]    
312	159   	[  0.90953333 664.15      ]    	[ 0.06405687 48.60412362]      	[  0.675 460.   ]  	[  0.97 795.  ]    
313	164   	[  0.91783333 662.76666667]    	[ 0.058355   45.71665148]      	[  0.725 490.   ]  	[  0.97 800.  ]    
314	174   	[  0.9095 658.15  ]            	[ 0.06114123 48.46814246]      	[  0.725 495.   ]  	[  0.97 805.  ]    
315	170   	[  0.91066667 665.03333333]    	[ 0.0615932  50.40666843]      	[  0.66 475.  ]    	[  0.97 810.  ]    
316	159   	[  0.90661667 663.25      ]    	[ 0.06439309 45.0890323 ]      	[  0.705 550.   ]  	[  0.97 815.  ]    
317	178   	[  0.90898333 661.41666667]    	[ 0.06197755 42.79107838]      	[  0.72 500.  ]    	[  0.97 805.  ]    
318	147   	[  0.91016667 660.93333333]    	[ 0.06187196 44.90132391]      	[  0.675 505.   ]  	[  0.97 855.  ]    
319	157   	[  0.91261667 661.45      ]    	[ 0.0645154  43.11590001]      	[  0.69 520.  ]    	[  0.97 855.  ]    
320	172   	[  0.90231667 657.98333333]    	[ 0.0701787  44.86293632]      	[  0.695 490.   ]  	[  0.97 830.  ]    
321	191   	[  0.90228333 658.06666667]    	[ 0.06698783 44.77084865]      	[  0.63 495.  ]    	[  0.97 785.  ]    
322	173   	[  0.90461667 654.56666667]    	[ 0.06498284 48.86695089]      	[  0.62 480.  ]    	[  0.97 785.  ]    
323	177   	[  0.90413333 657.96666667]    	[ 0.06270632 43.57406211]      	[  0.665 510.   ]  	[  0.97 790.  ]    
324	172   	[  0.90513333 657.1       ]    	[ 0.0634099  41.20384286]      	[  0.67 475.  ]    	[  0.97 795.  ]    
325	181   	[  0.89788333 652.51666667]    	[ 0.06592372 47.59989204]      	[  0.66 510.  ]    	[  0.975 835.   ]  
326	173   	[  0.90556667 656.28333333]    	[ 0.05872829 44.59562447]      	[  0.705 505.   ]  	[  0.975 835.   ]  
327	185   	[  0.89913333 660.78333333]    	[ 0.06490184 48.42832906]      	[  0.665 480.   ]  	[  0.975 845.   ]  
328	181   	[  0.90115    662.68333333]    	[ 0.06153531 50.64961062]      	[  0.715 515.   ]  	[  0.975 845.   ]  
329	179   	[  0.90253333 660.81666667]    	[ 0.06501986 48.73311388]      	[  0.675 500.   ]  	[  0.975 810.   ]  
330	169   	[  0.90505    663.01666667]    	[ 0.06388986 46.0541318 ]      	[  0.715 515.   ]  	[  0.975 855.   ]  
331	160   	[  0.91103333 657.48333333]    	[ 0.06460469 44.58231775]      	[  0.63 500.  ]    	[  0.975 790.   ]  
332	166   	[  0.91105    653.81666667]    	[ 0.06013718 46.68886079]      	[  0.68 480.  ]    	[  0.975 825.   ]  
333	169   	[  0.90793333 655.71666667]    	[ 0.06479117 47.1900737 ]      	[  0.625 525.   ]  	[  0.975 805.   ]  
334	168   	[  0.90518333 655.91666667]    	[ 0.06376166 46.3940699 ]      	[  0.63 495.  ]    	[  0.975 790.   ]  
335	178   	[  0.90348333 653.61666667]    	[ 0.06534995 45.23276529]      	[  0.66 510.  ]    	[  0.975 785.   ]  
336	165   	[  0.90333333 655.08333333]    	[ 0.06752818 44.00654939]      	[  0.605 525.   ]  	[  0.975 805.   ]  
337	156   	[  0.91088333 654.96666667]    	[ 0.05963754 44.03974215]      	[  0.725 520.   ]  	[  0.975 805.   ]  
338	170   	[  0.90946667 653.86666667]    	[ 0.0626236 42.8841333]        	[  0.72 515.  ]    	[  0.975 805.   ]  
339	207   	[  0.90053333 643.98333333]    	[ 0.06736504 47.04483382]      	[  0.69 480.  ]    	[  0.975 770.   ]  
340	190   	[  0.8996     642.66666667]    	[ 0.06663963 46.17418711]      	[  0.675 510.   ]  	[  0.975 770.   ]  
341	191   	[  0.90143333 643.5       ]    	[ 0.06507518 48.82024853]      	[  0.61 465.  ]    	[  0.975 780.   ]  
342	185   	[  0.90326667 648.25      ]    	[ 0.06249263 43.21096504]      	[  0.705 510.   ]  	[  0.975 790.   ]  
343	160   	[  0.90765    649.71666667]    	[ 0.05979321 45.54854248]      	[  0.69 495.  ]    	[  0.975 775.   ]  
344	174   	[  0.90303333 649.95      ]    	[ 0.0637087 42.7209648]        	[  0.69 420.  ]    	[  0.975 770.   ]  
345	155   	[  0.90745 646.     ]          	[ 0.06311826 40.79419893]      	[  0.69 490.  ]    	[  0.975 765.   ]  
346	174   	[  0.9158     651.48333333]    	[ 0.05831118 39.13076014]      	[  0.705 530.   ]  	[  0.975 795.   ]  
347	186   	[  0.91051667 651.01666667]    	[ 0.06081653 39.87542755]      	[  0.69 520.  ]    	[  0.975 760.   ]  
348	168   	[  0.90921667 650.7       ]    	[ 0.06450816 42.63031003]      	[  0.7 500. ]      	[  0.975 825.   ]  
349	167   	[  0.90781667 650.63333333]    	[ 0.06606423 41.88395344]      	[  0.62 510.  ]    	[  0.975 830.   ]  
350	180   	[  0.9057     649.88333333]    	[ 0.06559098 43.52282607]      	[  0.65 535.  ]    	[  0.975 770.   ]  
351	195   	[  0.90446667 651.11666667]    	[ 0.06520518 47.82436327]      	[  0.68 500.  ]    	[  0.975 815.   ]  
352	176   	[  0.90805    650.26666667]    	[ 0.06363789 49.98595358]      	[  0.685 455.   ]  	[  0.975 815.   ]  
353	167   	[  0.89963333 647.5       ]    	[ 0.07238922 49.5269287 ]      	[  0.595 495.   ]  	[  0.975 825.   ]  
354	168   	[  0.90786667 649.76666667]    	[ 0.06352649 47.7086179 ]      	[  0.7 495. ]      	[  0.975 825.   ]  
355	176   	[  0.91211667 651.68333333]    	[ 0.06343582 49.41406401]      	[  0.695 465.   ]  	[  0.975 825.   ]  
356	160   	[  0.912      650.41666667]    	[ 0.06102322 43.15564531]      	[  0.695 515.   ]  	[  0.975 825.   ]  
357	162   	[  0.91536667 646.05      ]    	[ 0.06280551 41.52686881]      	[  0.685 510.   ]  	[  0.975 825.   ]  
358	173   	[  0.91371667 645.41666667]    	[ 0.06410099 43.20196433]      	[  0.69 505.  ]    	[  0.975 770.   ]  
359	167   	[  0.91463333 648.53333333]    	[ 0.05969672 43.14914702]      	[  0.71 505.  ]    	[  0.975 770.   ]  
360	173   	[  0.90735    647.63333333]    	[ 0.06607744 46.60721213]      	[  0.715 510.   ]  	[  0.975 760.   ]  
361	175   	[  0.91338333 650.46666667]    	[ 0.06112122 45.74875833]      	[  0.715 520.   ]  	[  0.975 825.   ]  
362	174   	[  0.90675    646.43333333]    	[ 0.06700513 43.74485367]      	[  0.695 495.   ]  	[  0.975 780.   ]  
363	191   	[  0.90173333 648.95      ]    	[ 0.07091776 45.60680687]      	[  0.635 495.   ]  	[  0.975 770.   ]  
364	166   	[  0.91031667 654.4       ]    	[ 0.0668118  39.51759102]      	[  0.69 485.  ]    	[  0.975 770.   ]  
365	186   	[  0.91351667 654.13333333]    	[ 0.06632659 40.91554988]      	[  0.705 480.   ]  	[  0.975 775.   ]  
366	164   	[  0.90936667 649.71666667]    	[ 0.0677638  45.01299504]      	[  0.6 455. ]      	[  0.975 765.   ]  
367	179   	[  0.91283333 649.61666667]    	[ 0.06557799 45.5496402 ]      	[  0.655 475.   ]  	[  0.975 765.   ]  
368	177   	[  0.91281667 652.76666667]    	[ 0.06320324 44.71217831]      	[  0.685 515.   ]  	[  0.975 820.   ]  
369	174   	[  0.91033333 650.93333333]    	[ 0.06541194 45.01809513]      	[  0.665 510.   ]  	[  0.975 775.   ]  
370	184   	[  0.90746667 647.66666667]    	[ 0.06369392 49.03456831]      	[  0.7 480. ]      	[  0.975 790.   ]  
371	171   	[  0.90325    644.03333333]    	[ 0.06709337 47.06094158]      	[  0.655 485.   ]  	[  0.975 835.   ]  
372	182   	[  0.89825    649.11666667]    	[ 0.06844478 44.75082557]      	[  0.695 470.   ]  	[  0.975 770.   ]  
373	174   	[  0.89863333 651.        ]    	[ 0.06540616 47.35856135]      	[  0.695 490.   ]  	[  0.975 775.   ]  
374	168   	[  0.90121667 652.26666667]    	[ 0.06519537 48.94243785]      	[  0.665 490.   ]  	[  0.975 785.   ]  
375	163   	[  0.90625 649.85   ]          	[ 0.06014167 47.86676822]      	[  0.685 470.   ]  	[  0.975 785.   ]  
376	170   	[  0.90071667 648.56666667]    	[ 0.06300849 47.35974615]      	[  0.645 500.   ]  	[  0.975 800.   ]  
377	174   	[  0.90095 648.25   ]          	[ 0.06288493 44.96688596]      	[  0.705 505.   ]  	[  0.975 815.   ]  
378	181   	[  0.90073333 646.3       ]    	[ 0.0696955  49.23897508]      	[  0.675 510.   ]  	[  0.975 810.   ]  
379	171   	[  0.90955    645.73333333]    	[ 0.06475889 46.42336576]      	[  0.66 445.  ]    	[  0.975 810.   ]  
380	188   	[  0.90856667 643.36666667]    	[ 0.06405294 45.08509239]      	[  0.7 515. ]      	[  0.975 810.   ]  
381	176   	[  0.9046     643.41666667]    	[ 0.0654956  40.69901377]      	[  0.705 525.   ]  	[  0.975 810.   ]  
382	179   	[  0.90883333 643.8       ]    	[ 0.06411036 46.82122026]      	[  0.73 495.  ]    	[  0.975 810.   ]  
383	170   	[  0.90801667 646.03333333]    	[ 0.06450051 47.46506318]      	[  0.625 470.   ]  	[  0.975 820.   ]  
384	167   	[  0.91065    645.53333333]    	[ 0.06103819 41.11628496]      	[  0.745 520.   ]  	[  0.98 760.  ]    
385	190   	[  0.90975    642.56666667]    	[ 0.06274436 47.65583793]      	[  0.675 460.   ]  	[  0.98 790.  ]    
386	176   	[  0.91143333 645.4       ]    	[ 0.06687136 42.97099797]      	[  0.69 485.  ]    	[  0.98 805.  ]    
387	172   	[  0.90995    640.93333333]    	[ 0.06717575 43.32584551]      	[  0.665 495.   ]  	[  0.98 765.  ]    
388	156   	[  0.9106 642.9   ]            	[ 0.06648789 44.44385972]      	[  0.665 410.   ]  	[  0.98 790.  ]    
389	177   	[  0.90631667 638.61666667]    	[ 0.0704948  42.46963294]      	[  0.69 485.  ]    	[  0.98 765.  ]    
390	153   	[  0.91151667 642.66666667]    	[ 0.06758414 41.98280071]      	[  0.71 455.  ]    	[  0.98 765.  ]    
391	188   	[  0.91261667 640.98333333]    	[ 0.06433172 40.78132402]      	[  0.705 485.   ]  	[  0.98 760.  ]    
392	166   	[  0.9098     638.18333333]    	[ 0.0677763  43.60752675]      	[  0.645 450.   ]  	[  0.98 770.  ]    
393	179   	[  0.91188333 641.61666667]    	[ 0.06777563 42.65524261]      	[  0.71 490.  ]    	[  0.98 765.  ]    
394	181   	[  0.9074     643.91666667]    	[ 0.06838913 44.46807532]      	[  0.63 425.  ]    	[  0.98 785.  ]    
395	187   	[  0.90176667 639.71666667]    	[ 0.06999794 43.40126406]      	[  0.685 510.   ]  	[  0.98 745.  ]    
396	167   	[  0.91066667 637.91666667]    	[ 0.06972127 44.0387298 ]      	[  0.625 450.   ]  	[  0.98 765.  ]    
397	177   	[  0.90816667 638.81666667]    	[ 0.06736076 43.24175901]      	[  0.695 510.   ]  	[  0.98 805.  ]    
398	187   	[  0.90141667 644.53333333]    	[ 0.07029042 45.86337197]      	[  0.695 490.   ]  	[  0.98 815.  ]    
399	182   	[  0.89613333 641.58333333]    	[ 0.07470642 46.16538807]      	[  0.665 460.   ]  	[  0.98 805.  ]    
400	190   	[  0.89946667 643.01666667]    	[ 0.07091814 46.60275087]      	[  0.645 495.   ]  	[  0.98 785.  ]    
401	185   	[  0.89418333 644.46666667]    	[ 0.07578863 46.41891377]      	[  0.645 505.   ]  	[  0.98 860.  ]    
402	173   	[  0.89713333 648.61666667]    	[ 0.07076686 47.76682659]      	[  0.65 505.  ]    	[  0.98 830.  ]    
403	170   	[  0.90933333 653.46666667]    	[ 0.06220441 44.8848403 ]      	[  0.705 525.   ]  	[  0.98 765.  ]    
404	181   	[  0.91016667 654.81666667]    	[ 0.06544187 43.88298519]      	[  0.645 450.   ]  	[  0.98 775.  ]    
405	181   	[  0.90625 651.7    ]          	[ 0.06849103 48.27639175]      	[  0.63 480.  ]    	[  0.98 800.  ]    
406	189   	[  0.90408333 653.03333333]    	[ 0.07096062 46.72578398]      	[  0.64 525.  ]    	[  0.98 800.  ]    
407	173   	[  0.90655    652.88333333]    	[ 0.06902305 51.54709551]      	[  0.68 465.  ]    	[  0.98 805.  ]    
408	160   	[  0.91343333 652.21666667]    	[ 0.06914631 53.28229589]      	[  0.71 455.  ]    	[  0.98 800.  ]    
409	178   	[  0.90813333 649.73333333]    	[ 0.06953188 50.36131672]      	[  0.695 465.   ]  	[  0.98 800.  ]    
410	163   	[  0.90778333 649.8       ]    	[ 0.06499105 50.0079327 ]      	[  0.735 465.   ]  	[  0.98 780.  ]    
411	182   	[  0.90281667 650.78333333]    	[ 0.06963943 49.33865681]      	[  0.655 460.   ]  	[  0.98 775.  ]    
412	165   	[  0.90595    646.23333333]    	[ 0.07031605 48.328517  ]      	[  0.65 485.  ]    	[  0.98 775.  ]    
413	180   	[  0.90991667 641.36666667]    	[ 0.06643475 47.30185573]      	[  0.71 485.  ]    	[  0.98 765.  ]    
414	177   	[  0.91853333 643.88333333]    	[ 0.06365544 37.81758483]      	[  0.705 485.   ]  	[  0.98 745.  ]    
415	160   	[  0.91623333 642.13333333]    	[ 0.06394512 40.30031707]      	[  0.685 500.   ]  	[  0.98 760.  ]    
416	167   	[  0.91425    639.76666667]    	[ 0.06866358 39.57624147]      	[  0.635 455.   ]  	[  0.98 760.  ]    
417	182   	[  0.91616667 638.55      ]    	[ 0.06789309 42.65537285]      	[  0.68 495.  ]    	[  0.98 765.  ]    
418	184   	[  0.91245    640.41666667]    	[ 0.06962218 41.95525063]      	[  0.6 485. ]      	[  0.98 780.  ]    
419	158   	[  0.91275    641.73333333]    	[ 0.06790327 43.94688714]      	[  0.675 495.   ]  	[  0.98 835.  ]    
420	175   	[  0.91245    643.46666667]    	[ 0.06731949 45.73454809]      	[  0.71 505.  ]    	[  0.98 810.  ]    
421	173   	[  0.91406667 640.45      ]    	[ 0.0681454  46.17770927]      	[  0.66 495.  ]    	[  0.98 810.  ]    
422	183   	[  0.9067     635.68333333]    	[ 0.07177704 45.73419278]      	[  0.695 495.   ]  	[  0.98 815.  ]    
423	167   	[  0.91811667 637.96666667]    	[ 0.06765257 38.61388639]      	[  0.625 500.   ]  	[  0.98 770.  ]    
424	173   	[  0.9119     635.96666667]    	[ 0.07157553 41.38516911]      	[  0.67 480.  ]    	[  0.98 790.  ]    
425	181   	[  0.90555    636.03333333]    	[ 0.07408518 48.58427958]      	[  0.675 465.   ]  	[  0.98 810.  ]    
426	176   	[  0.91016667 638.45      ]    	[ 0.06582785 45.79498699]      	[  0.655 490.   ]  	[  0.98 795.  ]    
427	182   	[  0.9113     638.61666667]    	[ 0.06758064 48.19062553]      	[  0.685 480.   ]  	[  0.98 840.  ]    
428	172   	[  0.91763333 643.75      ]    	[ 0.06324212 42.87214519]      	[  0.69 500.  ]    	[  0.98 805.  ]    
429	175   	[  0.91778333 632.7       ]    	[ 0.07125426 44.41895241]      	[  0.61 415.  ]    	[  0.98 815.  ]    
430	178   	[  0.91336667 633.8       ]    	[ 0.07404277 43.0529906 ]      	[  0.545 460.   ]  	[  0.98 815.  ]    
431	179   	[  0.91523333 634.71666667]    	[ 0.06927803 43.48183209]      	[  0.65 510.  ]    	[  0.98 760.  ]    
432	158   	[  0.92466667 638.43333333]    	[ 0.06710481 39.40023971]      	[  0.65 485.  ]    	[  0.98 825.  ]    
433	172   	[  0.91575    633.28333333]    	[ 0.0684119  47.41803161]      	[  0.69 465.  ]    	[  0.98 820.  ]    
434	165   	[  0.91235 635.15   ]          	[ 0.07325681 42.24011719]      	[  0.64 505.  ]    	[  0.98 820.  ]    
435	177   	[  0.9141 632.65  ]            	[ 0.06944199 41.03121779]      	[  0.71 505.  ]    	[  0.98 795.  ]    
436	158   	[  0.90945 633.4    ]          	[ 0.07566118 44.76724993]      	[  0.625 510.   ]  	[  0.98 795.  ]    
437	185   	[  0.91166667 630.8       ]    	[ 0.06960284 48.02110647]      	[  0.7 490. ]      	[  0.98 775.  ]    
438	178   	[  0.90466667 629.18333333]    	[ 0.06983831 45.26127545]      	[  0.7 490. ]      	[  0.98 780.  ]    
439	181   	[  0.90293333 631.4       ]    	[ 0.07162678 46.64268431]      	[  0.64 495.  ]    	[  0.98 785.  ]    
440	182   	[  0.90001667 634.95      ]    	[ 0.06818541 47.05756227]      	[  0.715 500.   ]  	[  0.98 785.  ]    
441	178   	[  0.89863333 635.55      ]    	[ 0.07122475 46.22172108]      	[  0.695 505.   ]  	[  0.98 835.  ]    
442	165   	[  0.9045     633.33333333]    	[ 0.06993866 46.86920335]      	[  0.645 485.   ]  	[  0.98 785.  ]    
443	176   	[  0.9056     630.43333333]    	[ 0.06837865 48.72007344]      	[  0.675 495.   ]  	[  0.98 805.  ]    
444	176   	[  0.90815    629.81666667]    	[ 0.06729037 46.71419901]      	[  0.675 485.   ]  	[  0.98 820.  ]    
445	178   	[  0.91153333 629.85      ]    	[ 0.06553866 44.87271814]      	[  0.63 495.  ]    	[  0.98 835.  ]    
446	175   	[  0.90728333 627.63333333]    	[ 0.06829131 44.32530002]      	[  0.62 490.  ]    	[  0.98 765.  ]    
447	170   	[  0.90803333 626.05      ]    	[ 0.06856237 42.07906249]      	[  0.665 485.   ]  	[  0.98 730.  ]    
448	179   	[  0.91135 633.05   ]          	[ 0.06776868 46.82713779]      	[  0.675 485.   ]  	[  0.98 790.  ]    
449	176   	[  0.91203333 635.63333333]    	[ 0.0674082  44.19953494]      	[  0.62 495.  ]    	[  0.98 790.  ]    
450	176   	[  0.91395    630.61666667]    	[ 0.07007363 42.25166335]      	[  0.615 470.   ]  	[  0.98 770.  ]    
451	160   	[  0.91726667 627.7       ]    	[ 0.0678751  37.13996051]      	[  0.605 530.   ]  	[  0.98 755.  ]    
452	166   	[  0.91755    625.68333333]    	[ 0.07031179 40.57235991]      	[  0.67 480.  ]    	[  0.98 755.  ]    
453	177   	[  0.92498333 620.58333333]    	[ 0.06633312 37.46211049]      	[  0.605 485.   ]  	[  0.98 820.  ]    
454	174   	[  0.91726667 617.23333333]    	[ 0.07147164 40.80251899]      	[  0.62 475.  ]    	[  0.98 735.  ]    
455	157   	[  0.9174 617.35  ]            	[ 0.07139729 37.59735141]      	[  0.705 505.   ]  	[  0.98 755.  ]    
456	178   	[  0.91213333 615.76666667]    	[ 0.07354782 38.73945735]      	[  0.69 435.  ]    	[  0.98 745.  ]    
457	156   	[  0.91343333 619.08333333]    	[ 0.06974629 38.06892506]      	[  0.59 475.  ]    	[  0.98 750.  ]    
458	177   	[  0.9181     617.08333333]    	[ 0.06708122 38.0207363 ]      	[  0.725 505.   ]  	[  0.98 735.  ]    
459	175   	[  0.90888333 617.23333333]    	[ 0.07607235 42.39118095]      	[  0.635 425.   ]  	[  0.98 740.  ]    
460	165   	[  0.9136     617.18333333]    	[ 0.07173823 35.03069686]      	[  0.655 485.   ]  	[  0.98 730.  ]    
461	163   	[  0.90378333 621.        ]    	[ 0.07693137 37.14386446]      	[  0.615 465.   ]  	[  0.98 800.  ]    
462	191   	[  0.90696667 616.65      ]    	[ 0.07130193 38.40174692]      	[  0.68 510.  ]    	[  0.98 760.  ]    
463	176   	[  0.90791667 614.9       ]    	[ 0.07109203 39.0745868 ]      	[  0.67 470.  ]    	[  0.98 765.  ]    
464	176   	[  0.90756667 616.3       ]    	[ 0.06907782 40.27584057]      	[  0.655 495.   ]  	[  0.98 740.  ]    
465	159   	[  0.9082     616.93333333]    	[ 0.07197865 37.54458091]      	[  0.655 470.   ]  	[  0.98 715.  ]    
466	158   	[  0.9106     619.51666667]    	[ 0.06936719 39.20692612]      	[  0.66 485.  ]    	[  0.98 735.  ]    
467	160   	[  0.91251667 620.63333333]    	[ 0.06838555 41.54032846]      	[  0.645 495.   ]  	[  0.98 835.  ]    
468	188   	[  0.90871667 620.33333333]    	[ 0.07320817 43.50159639]      	[  0.685 455.   ]  	[  0.98 745.  ]    
469	195   	[  0.90021667 616.11666667]    	[ 0.07461258 41.24119771]      	[  0.695 485.   ]  	[  0.98 765.  ]    
470	167   	[  0.90215    617.08333333]    	[ 0.06956024 42.42337864]      	[  0.72 470.  ]    	[  0.98 760.  ]    
471	181   	[  0.90226667 617.03333333]    	[ 0.07162655 45.5836106 ]      	[  0.695 475.   ]  	[  0.98 780.  ]    
472	179   	[  0.90168333 614.03333333]    	[ 0.07397466 47.0166519 ]      	[  0.665 475.   ]  	[  0.98 750.  ]    
473	170   	[  0.9078     616.43333333]    	[ 0.07233367 40.81395459]      	[  0.685 495.   ]  	[  0.98 750.  ]    
474	177   	[  0.90918333 615.76666667]    	[ 0.07030943 39.42814843]      	[  0.66 480.  ]    	[  0.98 760.  ]    
475	155   	[  0.91035 616.45   ]          	[ 0.07054049 43.48732574]      	[  0.655 505.   ]  	[  0.98 795.  ]    
476	175   	[  0.90558333 611.9       ]    	[ 0.07354189 42.80642475]      	[  0.63 480.  ]    	[  0.98 765.  ]    
477	191   	[  0.90308333 610.88333333]    	[ 0.07578199 44.1112577 ]      	[  0.675 430.   ]  	[  0.98 755.  ]    
478	179   	[  0.90055 615.6    ]          	[ 0.07070677 40.55416132]      	[  0.705 505.   ]  	[  0.98 745.  ]    
479	194   	[  0.89611667 614.63333333]    	[ 0.07212607 40.78029208]      	[  0.69 485.  ]    	[  0.98 770.  ]    
480	181   	[  0.8977     613.36666667]    	[ 0.07315424 42.50488861]      	[  0.67 465.  ]    	[  0.98 775.  ]    
481	155   	[  0.90383333 614.98333333]    	[ 0.07611705 39.51687052]      	[  0.635 465.   ]  	[  0.98 770.  ]    
482	174   	[  0.90281667 613.45      ]    	[ 0.07689809 40.12082792]      	[  0.63 500.  ]    	[  0.98 745.  ]    
483	164   	[  0.90786667 613.4       ]    	[ 0.07290255 37.52918864]      	[  0.615 490.   ]  	[  0.98 730.  ]    
484	175   	[  0.90556667 607.4       ]    	[ 0.07929278 43.91172964]      	[  0.57 450.  ]    	[  0.98 805.  ]    
485	170   	[  0.9076     611.48333333]    	[ 0.07118923 40.66181323]      	[  0.71 500.  ]    	[  0.98 805.  ]    
486	185   	[  0.91123333 613.68333333]    	[ 0.06889469 43.07183599]      	[  0.655 470.   ]  	[  0.98 750.  ]    
487	165   	[  0.90663333 620.53333333]    	[ 0.07059744 44.62677323]      	[  0.705 490.   ]  	[  0.98 770.  ]    
488	162   	[  0.90836667 615.48333333]    	[ 0.07316419 43.70182745]      	[  0.67 485.  ]    	[  0.98 830.  ]    
489	181   	[  0.9069     617.71666667]    	[ 0.07399926 49.55168738]      	[  0.65 470.  ]    	[  0.98 830.  ]    
490	174   	[  0.91115 618.8    ]          	[ 0.06982426 44.64743367]      	[  0.67 415.  ]    	[  0.98 830.  ]    
491	191   	[  0.901      612.86666667]    	[ 0.0788395  43.96910532]      	[  0.585 450.   ]  	[  0.98 785.  ]    
492	179   	[  0.90075    611.76666667]    	[ 0.07467611 41.86739649]      	[  0.68 460.  ]    	[  0.98 785.  ]    
493	169   	[  0.90758333 614.8       ]    	[ 0.07173151 39.54271952]      	[  0.67 455.  ]    	[  0.98 740.  ]    
494	191   	[  0.90403333 612.08333333]    	[ 0.07351122 45.27960971]      	[  0.665 485.   ]  	[  0.98 785.  ]    
495	163   	[  0.91091667 617.21666667]    	[ 0.06744931 45.29352112]      	[  0.69 495.  ]    	[  0.98 820.  ]    
496	186   	[  0.91643333 619.68333333]    	[ 0.06643879 43.55819543]      	[  0.705 505.   ]  	[  0.98 780.  ]    
497	162   	[  0.91101667 611.13333333]    	[ 0.07436991 42.47409668]      	[  0.68 465.  ]    	[  0.98 780.  ]    
498	171   	[  0.91596667 614.01666667]    	[ 0.06833544 40.82625449]      	[  0.645 460.   ]  	[  0.98 740.  ]    
499	173   	[  0.91566667 613.8       ]    	[ 0.07002063 39.47226875]      	[  0.595 495.   ]  	[  0.98 745.  ]    
500	150   	[  0.91333333 610.65      ]    	[ 0.072901   42.53031272]      	[  0.595 445.   ]  	[  0.98 735.  ]    